{
  "fov_degrees": 39.6,
  "resolution": [
    1024,
    1024
  ],
  "frames": [
    {
      "frame_id": 0,
      "transform_matrix": [
        [
          1.0,
          0.0,
          0.0,
          0.0
        ],
        [
          0.0,
          0.0,
          -1.0,
          -3.0
        ],
        [
          -0.0,
          1.0,
          0.0,
          0.0
        ],
        [
          0.0,
          0.0,
          0.0,
          1.0
        ]
      ]
    },
    {
      "frame_id": 1,
      "transform_matrix": [
        [
          0.9984551072120667,
          -0.0030826632864773273,
          -0.05547896400094032,
          -0.16643689572811127
        ],
        [
          -0.05556454509496689,
          -0.05539325624704361,
          -0.9969173073768616,
          -2.9907519817352295
        ],
        [
          0.0,
          0.9984598755836487,
          -0.05547896400094032,
          -0.16643689572811127
        ],
        [
          0.0,
          0.0,
          0.0,
          1.0
        ]
      ]
    },
    {
      "frame_id": 2,
      "transform_matrix": [
        [
          0.9937869310379028,
          -0.012311424128711224,
          -0.11061587929725647,
          -0.3318476378917694
        ],
        [
          -0.11129888892173767,
          -0.10992861539125443,
          -0.9876883625984192,
          -2.9630651473999023
        ],
        [
          0.0,
          0.9938631653785706,
          -0.11061587929725647,
          -0.3318476378917694
        ],
        [
          0.0,
          0.0,
          0.0,
          1.0
        ]
      ]
    },
    {
      "frame_id": 3,
      "transform_matrix": [
        [
          0.9858947396278381,
          -0.02762736938893795,
          -0.1650708019733429,
          -0.4952124059200287
        ],
        [
          -0.16736678779125214,
          -0.16274243593215942,
          -0.972369909286499,
          -2.917109727859497
        ],
        [
          0.0,
          0.9862817525863647,
          -0.1650708019733429,
          -0.4952124059200287
        ],
        [
          0.0,
          0.0,
          0.0,
          1.0
        ]
      ]
    },
    {
      "frame_id": 4,
      "transform_matrix": [
        [
          0.9746077060699463,
          -0.04892810061573982,
          -0.2185080349445343,
          -0.6555241346359253
        ],
        [
          -0.22391900420188904,
          -0.21295961737632751,
          -0.9510564804077148,
          -2.8531696796417236
        ],
        [
          0.0,
          0.9758350849151611,
          -0.2185080349445343,
          -0.6555241346359253
        ],
        [
          0.0,
          0.0,
          0.0,
          1.0
        ]
      ]
    },
    {
      "frame_id": 5,
      "transform_matrix": [
        [
          0.9596830010414124,
          -0.07606097310781479,
          -0.27059808373451233,
          -0.8117941617965698
        ],
        [
          -0.28108465671539307,
          -0.2596883773803711,
          -0.9238795638084412,
          -2.7716383934020996
        ],
        [
          0.0,
          0.9626924395561218,
          -0.27059808373451233,
          -0.8117941617965698
        ],
        [
          0.0,
          0.0,
          0.0,
          1.0
        ]
      ]
    },
    {
      "frame_id": 6,
      "transform_matrix": [
        [
          0.9408007264137268,
          -0.10881288349628448,
          -0.3210197687149048,
          -0.9630593061447144
        ],
        [
          -0.33896008133888245,
          -0.30201563239097595,
          -0.8910065293312073,
          -2.6730196475982666
        ],
        [
          0.0,
          0.947072446346283,
          -0.3210197687149048,
          -0.9630593061447144
        ],
        [
          0.0,
          0.0,
          0.0,
          1.0
        ]
      ]
    },
    {
      "frame_id": 7,
      "transform_matrix": [
        [
          0.9175615906715393,
          -0.1468958854675293,
          -0.3694622814655304,
          -1.1083868741989136
        ],
        [
          -0.39759373664855957,
          -0.33900439739227295,
          -0.8526401519775391,
          -2.557920455932617
        ],
        [
          0.0,
          0.9292457103729248,
          -0.3694622814655304,
          -1.1083868741989136
        ],
        [
          0.0,
          0.0,
          0.0,
          1.0
        ]
      ]
    },
    {
      "frame_id": 8,
      "transform_matrix": [
        [
          0.8894839286804199,
          -0.18992750346660614,
          -0.4156269431114197,
          -1.2468808889389038
        ],
        [
          -0.4569663107395172,
          -0.36969348788261414,
          -0.8090169429779053,
          -2.427051067352295
        ],
        [
          0.0,
          0.9095351099967957,
          -0.4156269431114197,
          -1.2468808889389038
        ],
        [
          0.0,
          0.0,
          0.0,
          1.0
        ]
      ]
    },
    {
      "frame_id": 9,
      "transform_matrix": [
        [
          0.8560065627098083,
          -0.23740532994270325,
          -0.45922914147377014,
          -1.3776874542236328
        ],
        [
          -0.516964852809906,
          -0.39310315251350403,
          -0.760405957698822,
          -2.2812178134918213
        ],
        [
          0.0,
          0.8883178234100342,
          -0.45922914147377014,
          -1.3776874542236328
        ],
        [
          0.0,
          0.0,
          0.0,
          1.0
        ]
      ]
    },
    {
      "frame_id": 10,
      "transform_matrix": [
        [
          0.8164966106414795,
          -0.28867512941360474,
          -0.5,
          -1.5
        ],
        [
          -0.5773502588272095,
          -0.40824830532073975,
          -0.7071067690849304,
          -2.1213202476501465
        ],
        [
          0.0,
          0.8660253882408142,
          -0.5,
          -1.5
        ],
        [
          0.0,
          0.0,
          0.0,
          1.0
        ]
      ]
    },
    {
      "frame_id": 11,
      "transform_matrix": [
        [
          0.7702696323394775,
          -0.34289368987083435,
          -0.5376882553100586,
          -1.6130647659301758
        ],
        [
          -0.6377183794975281,
          -0.4141649305820465,
          -0.649448037147522,
          -1.948344111442566
        ],
        [
          0.0,
          0.8431438207626343,
          -0.5376882553100586,
          -1.6130647659301758
        ],
        [
          0.0,
          0.0,
          0.0,
          1.0
        ]
      ]
    },
    {
      "frame_id": 12,
      "transform_matrix": [
        [
          0.7166270613670349,
          -0.3989879786968231,
          -0.5720614194869995,
          -1.7161842584609985
        ],
        [
          -0.6974565386772156,
          -0.409954696893692,
          -0.5877852439880371,
          -1.7633557319641113
        ],
        [
          0.0,
          0.8202108144760132,
          -0.5720614194869995,
          -1.7161842584609985
        ],
        [
          0.0,
          0.0,
          0.0,
          1.0
        ]
      ]
    },
    {
      "frame_id": 13,
      "transform_matrix": [
        [
          0.6549152135848999,
          -0.4556187391281128,
          -0.602907657623291,
          -1.808722972869873
        ],
        [
          -0.7557023763656616,
          -0.3948533833026886,
          -0.5224985480308533,
          -1.567495584487915
        ],
        [
          0.0,
          0.7978110313415527,
          -0.602907657623291,
          -1.808722972869873
        ],
        [
          0.0,
          0.0,
          0.0,
          1.0
        ]
      ]
    },
    {
      "frame_id": 14,
      "transform_matrix": [
        [
          0.5846133828163147,
          -0.5111563801765442,
          -0.6300367712974548,
          -1.8901104927062988
        ],
        [
          -0.8113120198249817,
          -0.36832791566848755,
          -0.45399045944213867,
          -1.3619714975357056
        ],
        [
          0.0,
          0.7765653133392334,
          -0.6300367712974548,
          -1.8901104927062988
        ],
        [
          0.0,
          0.0,
          0.0,
          1.0
        ]
      ]
    },
    {
      "frame_id": 15,
      "transform_matrix": [
        [
          0.5054494738578796,
          -0.5636879801750183,
          -0.6532814502716064,
          -1.9598445892333984
        ],
        [
          -0.8628562092781067,
          -0.33020076155662537,
          -0.3826833963394165,
          -1.148050308227539
        ],
        [
          0.0,
          0.7571151256561279,
          -0.6532814502716064,
          -1.9598445892333984
        ],
        [
          0.0,
          0.0,
          0.0,
          1.0
        ]
      ]
    },
    {
      "frame_id": 16,
      "transform_matrix": [
        [
          0.4175349771976471,
          -0.6110730767250061,
          -0.6724984645843506,
          -2.017495632171631
        ],
        [
          -0.908660888671875,
          -0.28079164028167725,
          -0.30901697278022766,
          -0.9270510077476501
        ],
        [
          0.0,
          0.7400984764099121,
          -0.6724984645843506,
          -2.017495632171631
        ],
        [
          0.0,
          0.0,
          0.0,
          1.0
        ]
      ]
    },
    {
      "frame_id": 17,
      "transform_matrix": [
        [
          0.32149752974510193,
          -0.6510665416717529,
          -0.6875693202018738,
          -2.0627081394195557
        ],
        [
          -0.9469104409217834,
          -0.22105184197425842,
          -0.23344534635543823,
          -0.7003360986709595
        ],
        [
          0.0,
          0.7261186242103577,
          -0.6875693202018738,
          -2.0627081394195557
        ],
        [
          0.0,
          0.0,
          0.0,
          1.0
        ]
      ]
    },
    {
      "frame_id": 18,
      "transform_matrix": [
        [
          0.2185734361410141,
          -0.6815141439437866,
          -0.698401153087616,
          -2.0952036380767822
        ],
        [
          -0.9758204817771912,
          -0.15265193581581116,
          -0.15643444657325745,
          -0.4693033695220947
        ],
        [
          0.0,
          0.7157065868377686,
          -0.698401153087616,
          -2.0952036380767822
        ],
        [
          0.0,
          0.0,
          0.0,
          1.0
        ]
      ]
    },
    {
      "frame_id": 19,
      "transform_matrix": [
        [
          0.11061796545982361,
          -0.700600802898407,
          -0.7049269676208496,
          -2.114781141281128
        ],
        [
          -0.9938629865646362,
          -0.07797759026288986,
          -0.07845909148454666,
          -0.23537729680538177
        ],
        [
          0.0,
          0.7092797756195068,
          -0.7049269676208496,
          -2.114781141281128
        ],
        [
          0.0,
          0.0,
          0.0,
          1.0
        ]
      ]
    },
    {
      "frame_id": 20,
      "transform_matrix": [
        [
          8.659559941682064e-17,
          -0.7071067690849304,
          -0.7071067690849304,
          -2.1213204860687256
        ],
        [
          -1.0,
          -6.123233601181349e-17,
          -6.123233601181349e-17,
          -1.8369702788777518e-16
        ],
        [
          0.0,
          0.7071067690849304,
          -0.7071067690849304,
          -2.1213204860687256
        ],
        [
          0.0,
          0.0,
          0.0,
          1.0
        ]
      ]
    },
    {
      "frame_id": 21,
      "transform_matrix": [
        [
          -0.11061796545982361,
          -0.700600802898407,
          -0.7049269676208496,
          -2.114781141281128
        ],
        [
          -0.9938629865646362,
          0.07797759026288986,
          0.07845909148454666,
          0.23537729680538177
        ],
        [
          0.0,
          0.7092797756195068,
          -0.7049269676208496,
          -2.114781141281128
        ],
        [
          0.0,
          0.0,
          0.0,
          1.0
        ]
      ]
    },
    {
      "frame_id": 22,
      "transform_matrix": [
        [
          -0.2185734361410141,
          -0.6815141439437866,
          -0.698401153087616,
          -2.0952036380767822
        ],
        [
          -0.9758204817771912,
          0.15265193581581116,
          0.15643444657325745,
          0.4693033695220947
        ],
        [
          0.0,
          0.7157065868377686,
          -0.698401153087616,
          -2.0952036380767822
        ],
        [
          0.0,
          0.0,
          0.0,
          1.0
        ]
      ]
    },
    {
      "frame_id": 23,
      "transform_matrix": [
        [
          -0.32149752974510193,
          -0.6510665416717529,
          -0.6875693202018738,
          -2.0627081394195557
        ],
        [
          -0.9469104409217834,
          0.22105184197425842,
          0.23344534635543823,
          0.7003360986709595
        ],
        [
          0.0,
          0.7261186242103577,
          -0.6875693202018738,
          -2.0627081394195557
        ],
        [
          0.0,
          0.0,
          0.0,
          1.0
        ]
      ]
    },
    {
      "frame_id": 24,
      "transform_matrix": [
        [
          -0.4175349771976471,
          -0.6110730767250061,
          -0.6724984645843506,
          -2.017495632171631
        ],
        [
          -0.908660888671875,
          0.28079164028167725,
          0.30901697278022766,
          0.9270510077476501
        ],
        [
          0.0,
          0.7400984764099121,
          -0.6724984645843506,
          -2.017495632171631
        ],
        [
          0.0,
          0.0,
          0.0,
          1.0
        ]
      ]
    },
    {
      "frame_id": 25,
      "transform_matrix": [
        [
          -0.5054494738578796,
          -0.5636879801750183,
          -0.6532814502716064,
          -1.9598445892333984
        ],
        [
          -0.8628562092781067,
          0.33020076155662537,
          0.3826833963394165,
          1.148050308227539
        ],
        [
          0.0,
          0.7571151256561279,
          -0.6532814502716064,
          -1.9598445892333984
        ],
        [
          0.0,
          0.0,
          0.0,
          1.0
        ]
      ]
    },
    {
      "frame_id": 26,
      "transform_matrix": [
        [
          -0.5846133828163147,
          -0.5111563801765442,
          -0.6300367712974548,
          -1.8901104927062988
        ],
        [
          -0.8113120198249817,
          0.36832791566848755,
          0.45399045944213867,
          1.3619714975357056
        ],
        [
          0.0,
          0.7765653133392334,
          -0.6300367712974548,
          -1.8901104927062988
        ],
        [
          0.0,
          0.0,
          0.0,
          1.0
        ]
      ]
    },
    {
      "frame_id": 27,
      "transform_matrix": [
        [
          -0.6549152135848999,
          -0.4556187391281128,
          -0.602907657623291,
          -1.808722972869873
        ],
        [
          -0.7557023763656616,
          0.3948533833026886,
          0.5224985480308533,
          1.567495584487915
        ],
        [
          0.0,
          0.7978110313415527,
          -0.602907657623291,
          -1.808722972869873
        ],
        [
          0.0,
          0.0,
          0.0,
          1.0
        ]
      ]
    },
    {
      "frame_id": 28,
      "transform_matrix": [
        [
          -0.7166270613670349,
          -0.3989879786968231,
          -0.5720614194869995,
          -1.7161842584609985
        ],
        [
          -0.6974565386772156,
          0.409954696893692,
          0.5877852439880371,
          1.7633557319641113
        ],
        [
          0.0,
          0.8202108144760132,
          -0.5720614194869995,
          -1.7161842584609985
        ],
        [
          0.0,
          0.0,
          0.0,
          1.0
        ]
      ]
    },
    {
      "frame_id": 29,
      "transform_matrix": [
        [
          -0.7702696323394775,
          -0.34289368987083435,
          -0.5376882553100586,
          -1.6130647659301758
        ],
        [
          -0.6377183794975281,
          0.4141649305820465,
          0.649448037147522,
          1.948344111442566
        ],
        [
          0.0,
          0.8431438207626343,
          -0.5376882553100586,
          -1.6130647659301758
        ],
        [
          0.0,
          0.0,
          0.0,
          1.0
        ]
      ]
    },
    {
      "frame_id": 30,
      "transform_matrix": [
        [
          -0.8164966106414795,
          -0.28867512941360474,
          -0.5,
          -1.5
        ],
        [
          -0.5773502588272095,
          0.40824830532073975,
          0.7071067690849304,
          2.1213202476501465
        ],
        [
          0.0,
          0.8660253882408142,
          -0.5,
          -1.5
        ],
        [
          0.0,
          0.0,
          0.0,
          1.0
        ]
      ]
    },
    {
      "frame_id": 31,
      "transform_matrix": [
        [
          -0.8560065627098083,
          -0.23740532994270325,
          -0.45922914147377014,
          -1.3776874542236328
        ],
        [
          -0.516964852809906,
          0.39310315251350403,
          0.760405957698822,
          2.2812178134918213
        ],
        [
          0.0,
          0.8883178234100342,
          -0.45922914147377014,
          -1.3776874542236328
        ],
        [
          0.0,
          0.0,
          0.0,
          1.0
        ]
      ]
    },
    {
      "frame_id": 32,
      "transform_matrix": [
        [
          -0.8894839286804199,
          -0.18992750346660614,
          -0.4156269431114197,
          -1.2468808889389038
        ],
        [
          -0.4569663107395172,
          0.36969348788261414,
          0.8090169429779053,
          2.427051067352295
        ],
        [
          0.0,
          0.9095351099967957,
          -0.4156269431114197,
          -1.2468808889389038
        ],
        [
          0.0,
          0.0,
          0.0,
          1.0
        ]
      ]
    },
    {
      "frame_id": 33,
      "transform_matrix": [
        [
          -0.9175615906715393,
          -0.1468958854675293,
          -0.3694622814655304,
          -1.1083868741989136
        ],
        [
          -0.39759373664855957,
          0.33900439739227295,
          0.8526401519775391,
          2.557920455932617
        ],
        [
          0.0,
          0.9292457103729248,
          -0.3694622814655304,
          -1.1083868741989136
        ],
        [
          0.0,
          0.0,
          0.0,
          1.0
        ]
      ]
    },
    {
      "frame_id": 34,
      "transform_matrix": [
        [
          -0.9408007264137268,
          -0.10881288349628448,
          -0.3210197687149048,
          -0.9630593061447144
        ],
        [
          -0.33896008133888245,
          0.30201563239097595,
          0.8910065293312073,
          2.6730196475982666
        ],
        [
          0.0,
          0.947072446346283,
          -0.3210197687149048,
          -0.9630593061447144
        ],
        [
          0.0,
          0.0,
          0.0,
          1.0
        ]
      ]
    },
    {
      "frame_id": 35,
      "transform_matrix": [
        [
          -0.9596830010414124,
          -0.07606097310781479,
          -0.27059808373451233,
          -0.8117941617965698
        ],
        [
          -0.28108465671539307,
          0.2596883773803711,
          0.9238795638084412,
          2.7716383934020996
        ],
        [
          0.0,
          0.9626924395561218,
          -0.27059808373451233,
          -0.8117941617965698
        ],
        [
          0.0,
          0.0,
          0.0,
          1.0
        ]
      ]
    },
    {
      "frame_id": 36,
      "transform_matrix": [
        [
          -0.9746077060699463,
          -0.04892810061573982,
          -0.2185080349445343,
          -0.6555241346359253
        ],
        [
          -0.22391900420188904,
          0.21295961737632751,
          0.9510564804077148,
          2.8531696796417236
        ],
        [
          0.0,
          0.9758350849151611,
          -0.2185080349445343,
          -0.6555241346359253
        ],
        [
          0.0,
          0.0,
          0.0,
          1.0
        ]
      ]
    },
    {
      "frame_id": 37,
      "transform_matrix": [
        [
          -0.9858947396278381,
          -0.02762736938893795,
          -0.1650708019733429,
          -0.4952124059200287
        ],
        [
          -0.16736678779125214,
          0.16274243593215942,
          0.972369909286499,
          2.917109727859497
        ],
        [
          0.0,
          0.9862817525863647,
          -0.1650708019733429,
          -0.4952124059200287
        ],
        [
          0.0,
          0.0,
          0.0,
          1.0
        ]
      ]
    },
    {
      "frame_id": 38,
      "transform_matrix": [
        [
          -0.9937869310379028,
          -0.012311424128711224,
          -0.11061587929725647,
          -0.3318476378917694
        ],
        [
          -0.11129888892173767,
          0.10992861539125443,
          0.9876883625984192,
          2.9630651473999023
        ],
        [
          0.0,
          0.9938631653785706,
          -0.11061587929725647,
          -0.3318476378917694
        ],
        [
          0.0,
          0.0,
          0.0,
          1.0
        ]
      ]
    },
    {
      "frame_id": 39,
      "transform_matrix": [
        [
          -0.9984551072120667,
          -0.0030826632864773273,
          -0.05547896400094032,
          -0.16643689572811127
        ],
        [
          -0.05556454509496689,
          0.05539325624704361,
          0.9969173073768616,
          2.9907519817352295
        ],
        [
          0.0,
          0.9984598755836487,
          -0.05547896400094032,
          -0.16643689572811127
        ],
        [
          0.0,
          0.0,
          0.0,
          1.0
        ]
      ]
    },
    {
      "frame_id": 40,
      "transform_matrix": [
        [
          -1.0,
          -7.49880025547391e-33,
          -8.659561265171044e-17,
          -2.5978683133768643e-16
        ],
        [
          -8.659561265171044e-17,
          8.659561265171044e-17,
          1.0,
          3.0
        ],
        [
          0.0,
          1.0,
          -8.659561265171044e-17,
          -2.5978683133768643e-16
        ],
        [
          0.0,
          0.0,
          0.0,
          1.0
        ]
      ]
    },
    {
      "frame_id": 41,
      "transform_matrix": [
        [
          -0.9984551072120667,
          -0.0030826632864773273,
          0.05547896400094032,
          0.16643689572811127
        ],
        [
          0.05556454509496689,
          -0.05539325624704361,
          0.9969173073768616,
          2.9907519817352295
        ],
        [
          0.0,
          0.9984598755836487,
          0.05547896400094032,
          0.16643689572811127
        ],
        [
          0.0,
          0.0,
          0.0,
          1.0
        ]
      ]
    },
    {
      "frame_id": 42,
      "transform_matrix": [
        [
          -0.9937869310379028,
          -0.012311424128711224,
          0.11061587929725647,
          0.3318476378917694
        ],
        [
          0.11129888892173767,
          -0.10992861539125443,
          0.9876883625984192,
          2.9630651473999023
        ],
        [
          0.0,
          0.9938631653785706,
          0.11061587929725647,
          0.3318476378917694
        ],
        [
          0.0,
          0.0,
          0.0,
          1.0
        ]
      ]
    },
    {
      "frame_id": 43,
      "transform_matrix": [
        [
          -0.9858947396278381,
          -0.02762736938893795,
          0.1650708019733429,
          0.4952124059200287
        ],
        [
          0.16736678779125214,
          -0.16274243593215942,
          0.972369909286499,
          2.917109727859497
        ],
        [
          0.0,
          0.9862817525863647,
          0.1650708019733429,
          0.4952124059200287
        ],
        [
          0.0,
          0.0,
          0.0,
          1.0
        ]
      ]
    },
    {
      "frame_id": 44,
      "transform_matrix": [
        [
          -0.9746077060699463,
          -0.04892810061573982,
          0.2185080349445343,
          0.6555241346359253
        ],
        [
          0.22391900420188904,
          -0.21295961737632751,
          0.9510564804077148,
          2.8531696796417236
        ],
        [
          0.0,
          0.9758350849151611,
          0.2185080349445343,
          0.6555241346359253
        ],
        [
          0.0,
          0.0,
          0.0,
          1.0
        ]
      ]
    },
    {
      "frame_id": 45,
      "transform_matrix": [
        [
          -0.9596830010414124,
          -0.07606097310781479,
          0.27059808373451233,
          0.8117941617965698
        ],
        [
          0.28108465671539307,
          -0.2596883773803711,
          0.9238795638084412,
          2.7716383934020996
        ],
        [
          0.0,
          0.9626924395561218,
          0.27059808373451233,
          0.8117941617965698
        ],
        [
          0.0,
          0.0,
          0.0,
          1.0
        ]
      ]
    },
    {
      "frame_id": 46,
      "transform_matrix": [
        [
          -0.9408007264137268,
          -0.10881288349628448,
          0.3210197687149048,
          0.9630593061447144
        ],
        [
          0.33896008133888245,
          -0.30201563239097595,
          0.8910065293312073,
          2.6730196475982666
        ],
        [
          0.0,
          0.947072446346283,
          0.3210197687149048,
          0.9630593061447144
        ],
        [
          0.0,
          0.0,
          0.0,
          1.0
        ]
      ]
    },
    {
      "frame_id": 47,
      "transform_matrix": [
        [
          -0.9175615906715393,
          -0.1468958854675293,
          0.3694622814655304,
          1.1083868741989136
        ],
        [
          0.39759373664855957,
          -0.33900439739227295,
          0.8526401519775391,
          2.557920455932617
        ],
        [
          0.0,
          0.9292457103729248,
          0.3694622814655304,
          1.1083868741989136
        ],
        [
          0.0,
          0.0,
          0.0,
          1.0
        ]
      ]
    },
    {
      "frame_id": 48,
      "transform_matrix": [
        [
          -0.8894839286804199,
          -0.18992750346660614,
          0.4156269431114197,
          1.2468808889389038
        ],
        [
          0.4569663107395172,
          -0.36969348788261414,
          0.8090169429779053,
          2.427051067352295
        ],
        [
          0.0,
          0.9095351099967957,
          0.4156269431114197,
          1.2468808889389038
        ],
        [
          0.0,
          0.0,
          0.0,
          1.0
        ]
      ]
    },
    {
      "frame_id": 49,
      "transform_matrix": [
        [
          -0.8560065627098083,
          -0.23740532994270325,
          0.45922914147377014,
          1.3776874542236328
        ],
        [
          0.516964852809906,
          -0.39310315251350403,
          0.760405957698822,
          2.2812178134918213
        ],
        [
          0.0,
          0.8883178234100342,
          0.45922914147377014,
          1.3776874542236328
        ],
        [
          0.0,
          0.0,
          0.0,
          1.0
        ]
      ]
    },
    {
      "frame_id": 50,
      "transform_matrix": [
        [
          -0.8164966106414795,
          -0.28867512941360474,
          0.5,
          1.5
        ],
        [
          0.5773502588272095,
          -0.40824830532073975,
          0.7071067690849304,
          2.1213202476501465
        ],
        [
          0.0,
          0.8660253882408142,
          0.5,
          1.5
        ],
        [
          0.0,
          0.0,
          0.0,
          1.0
        ]
      ]
    },
    {
      "frame_id": 51,
      "transform_matrix": [
        [
          -0.7702696323394775,
          -0.34289368987083435,
          0.5376882553100586,
          1.6130647659301758
        ],
        [
          0.6377183794975281,
          -0.4141649305820465,
          0.649448037147522,
          1.948344111442566
        ],
        [
          0.0,
          0.8431438207626343,
          0.5376882553100586,
          1.6130647659301758
        ],
        [
          0.0,
          0.0,
          0.0,
          1.0
        ]
      ]
    },
    {
      "frame_id": 52,
      "transform_matrix": [
        [
          -0.7166270613670349,
          -0.3989879786968231,
          0.5720614194869995,
          1.7161842584609985
        ],
        [
          0.6974565386772156,
          -0.409954696893692,
          0.5877852439880371,
          1.7633557319641113
        ],
        [
          0.0,
          0.8202108144760132,
          0.5720614194869995,
          1.7161842584609985
        ],
        [
          0.0,
          0.0,
          0.0,
          1.0
        ]
      ]
    },
    {
      "frame_id": 53,
      "transform_matrix": [
        [
          -0.6549152135848999,
          -0.4556187391281128,
          0.602907657623291,
          1.808722972869873
        ],
        [
          0.7557023763656616,
          -0.3948533833026886,
          0.5224985480308533,
          1.567495584487915
        ],
        [
          0.0,
          0.7978110313415527,
          0.602907657623291,
          1.808722972869873
        ],
        [
          0.0,
          0.0,
          0.0,
          1.0
        ]
      ]
    },
    {
      "frame_id": 54,
      "transform_matrix": [
        [
          -0.5846133828163147,
          -0.5111563801765442,
          0.6300367712974548,
          1.8901104927062988
        ],
        [
          0.8113120198249817,
          -0.36832791566848755,
          0.45399045944213867,
          1.3619714975357056
        ],
        [
          0.0,
          0.7765653133392334,
          0.6300367712974548,
          1.8901104927062988
        ],
        [
          0.0,
          0.0,
          0.0,
          1.0
        ]
      ]
    },
    {
      "frame_id": 55,
      "transform_matrix": [
        [
          -0.5054494738578796,
          -0.5636879801750183,
          0.6532814502716064,
          1.9598445892333984
        ],
        [
          0.8628562092781067,
          -0.33020076155662537,
          0.3826833963394165,
          1.148050308227539
        ],
        [
          0.0,
          0.7571151256561279,
          0.6532814502716064,
          1.9598445892333984
        ],
        [
          0.0,
          0.0,
          0.0,
          1.0
        ]
      ]
    },
    {
      "frame_id": 56,
      "transform_matrix": [
        [
          -0.4175349771976471,
          -0.6110730767250061,
          0.6724984645843506,
          2.017495632171631
        ],
        [
          0.908660888671875,
          -0.28079164028167725,
          0.30901697278022766,
          0.9270510077476501
        ],
        [
          0.0,
          0.7400984764099121,
          0.6724984645843506,
          2.017495632171631
        ],
        [
          0.0,
          0.0,
          0.0,
          1.0
        ]
      ]
    },
    {
      "frame_id": 57,
      "transform_matrix": [
        [
          -0.32149752974510193,
          -0.6510665416717529,
          0.6875693202018738,
          2.0627081394195557
        ],
        [
          0.9469104409217834,
          -0.22105184197425842,
          0.23344534635543823,
          0.7003360986709595
        ],
        [
          0.0,
          0.7261186242103577,
          0.6875693202018738,
          2.0627081394195557
        ],
        [
          0.0,
          0.0,
          0.0,
          1.0
        ]
      ]
    },
    {
      "frame_id": 58,
      "transform_matrix": [
        [
          -0.2185734361410141,
          -0.6815141439437866,
          0.698401153087616,
          2.0952036380767822
        ],
        [
          0.9758204817771912,
          -0.15265193581581116,
          0.15643444657325745,
          0.4693033695220947
        ],
        [
          0.0,
          0.7157065868377686,
          0.698401153087616,
          2.0952036380767822
        ],
        [
          0.0,
          0.0,
          0.0,
          1.0
        ]
      ]
    },
    {
      "frame_id": 59,
      "transform_matrix": [
        [
          -0.11061796545982361,
          -0.700600802898407,
          0.7049269676208496,
          2.114781141281128
        ],
        [
          0.9938629865646362,
          -0.07797759026288986,
          0.07845909148454666,
          0.23537729680538177
        ],
        [
          0.0,
          0.7092797756195068,
          0.7049269676208496,
          2.114781141281128
        ],
        [
          0.0,
          0.0,
          0.0,
          1.0
        ]
      ]
    },
    {
      "frame_id": 60,
      "transform_matrix": [
        [
          -2.5978680486790683e-16,
          -0.7071067690849304,
          0.7071067690849304,
          2.1213204860687256
        ],
        [
          1.0,
          -1.8369701465288538e-16,
          1.8369701465288538e-16,
          5.510910704284357e-16
        ],
        [
          0.0,
          0.7071067690849304,
          0.7071067690849304,
          2.1213204860687256
        ],
        [
          0.0,
          0.0,
          0.0,
          1.0
        ]
      ]
    },
    {
      "frame_id": 61,
      "transform_matrix": [
        [
          0.11061796545982361,
          -0.700600802898407,
          0.7049269676208496,
          2.114781141281128
        ],
        [
          0.9938629865646362,
          0.07797759026288986,
          -0.07845909148454666,
          -0.23537729680538177
        ],
        [
          -0.0,
          0.7092797756195068,
          0.7049269676208496,
          2.114781141281128
        ],
        [
          0.0,
          0.0,
          0.0,
          1.0
        ]
      ]
    },
    {
      "frame_id": 62,
      "transform_matrix": [
        [
          0.2185734361410141,
          -0.6815141439437866,
          0.698401153087616,
          2.0952036380767822
        ],
        [
          0.9758204817771912,
          0.15265193581581116,
          -0.15643444657325745,
          -0.4693033695220947
        ],
        [
          -0.0,
          0.7157065868377686,
          0.698401153087616,
          2.0952036380767822
        ],
        [
          0.0,
          0.0,
          0.0,
          1.0
        ]
      ]
    },
    {
      "frame_id": 63,
      "transform_matrix": [
        [
          0.32149752974510193,
          -0.6510665416717529,
          0.6875693202018738,
          2.0627081394195557
        ],
        [
          0.9469104409217834,
          0.22105184197425842,
          -0.23344534635543823,
          -0.7003360986709595
        ],
        [
          -0.0,
          0.7261186242103577,
          0.6875693202018738,
          2.0627081394195557
        ],
        [
          0.0,
          0.0,
          0.0,
          1.0
        ]
      ]
    },
    {
      "frame_id": 64,
      "transform_matrix": [
        [
          0.4175349771976471,
          -0.6110730767250061,
          0.6724984645843506,
          2.017495632171631
        ],
        [
          0.908660888671875,
          0.28079164028167725,
          -0.30901697278022766,
          -0.9270510077476501
        ],
        [
          -0.0,
          0.7400984764099121,
          0.6724984645843506,
          2.017495632171631
        ],
        [
          0.0,
          0.0,
          0.0,
          1.0
        ]
      ]
    },
    {
      "frame_id": 65,
      "transform_matrix": [
        [
          0.5054494738578796,
          -0.5636879801750183,
          0.6532814502716064,
          1.9598445892333984
        ],
        [
          0.8628562092781067,
          0.33020076155662537,
          -0.3826833963394165,
          -1.148050308227539
        ],
        [
          -0.0,
          0.7571151256561279,
          0.6532814502716064,
          1.9598445892333984
        ],
        [
          0.0,
          0.0,
          0.0,
          1.0
        ]
      ]
    },
    {
      "frame_id": 66,
      "transform_matrix": [
        [
          0.5846133828163147,
          -0.5111563801765442,
          0.6300367712974548,
          1.8901104927062988
        ],
        [
          0.8113120198249817,
          0.36832791566848755,
          -0.45399045944213867,
          -1.3619714975357056
        ],
        [
          -0.0,
          0.7765653133392334,
          0.6300367712974548,
          1.8901104927062988
        ],
        [
          0.0,
          0.0,
          0.0,
          1.0
        ]
      ]
    },
    {
      "frame_id": 67,
      "transform_matrix": [
        [
          0.6549152135848999,
          -0.4556187391281128,
          0.602907657623291,
          1.808722972869873
        ],
        [
          0.7557023763656616,
          0.3948533833026886,
          -0.5224985480308533,
          -1.567495584487915
        ],
        [
          -0.0,
          0.7978110313415527,
          0.602907657623291,
          1.808722972869873
        ],
        [
          0.0,
          0.0,
          0.0,
          1.0
        ]
      ]
    },
    {
      "frame_id": 68,
      "transform_matrix": [
        [
          0.7166270613670349,
          -0.3989879786968231,
          0.5720614194869995,
          1.7161842584609985
        ],
        [
          0.6974565386772156,
          0.409954696893692,
          -0.5877852439880371,
          -1.7633557319641113
        ],
        [
          -0.0,
          0.8202108144760132,
          0.5720614194869995,
          1.7161842584609985
        ],
        [
          0.0,
          0.0,
          0.0,
          1.0
        ]
      ]
    },
    {
      "frame_id": 69,
      "transform_matrix": [
        [
          0.7702696323394775,
          -0.34289368987083435,
          0.5376882553100586,
          1.6130647659301758
        ],
        [
          0.6377183794975281,
          0.4141649305820465,
          -0.649448037147522,
          -1.948344111442566
        ],
        [
          -0.0,
          0.8431438207626343,
          0.5376882553100586,
          1.6130647659301758
        ],
        [
          0.0,
          0.0,
          0.0,
          1.0
        ]
      ]
    },
    {
      "frame_id": 70,
      "transform_matrix": [
        [
          0.8164966106414795,
          -0.28867512941360474,
          0.5,
          1.5
        ],
        [
          0.5773502588272095,
          0.40824830532073975,
          -0.7071067690849304,
          -2.1213202476501465
        ],
        [
          -0.0,
          0.8660253882408142,
          0.5,
          1.5
        ],
        [
          0.0,
          0.0,
          0.0,
          1.0
        ]
      ]
    },
    {
      "frame_id": 71,
      "transform_matrix": [
        [
          0.8560065627098083,
          -0.23740532994270325,
          0.45922914147377014,
          1.3776874542236328
        ],
        [
          0.516964852809906,
          0.39310315251350403,
          -0.760405957698822,
          -2.2812178134918213
        ],
        [
          -0.0,
          0.8883178234100342,
          0.45922914147377014,
          1.3776874542236328
